-1	-1	-1	-1	-1	-1	-1	-1	-1	-1	-1	-1	-1	-1	-1	-1	-1	-1	-1	-1	-1	-1	-1	-1	233		233		233		233		233		233		-1	-1	-1	-1	-1	-1	-1	-1	-1	-1	-1	-1	-1	-1	-1	-1	-1	-1	-1	-1	-1	-1
-1	-1	-1	-1	-1	-1	-1	-1	-1	-1	-1	-1	-1	-1	-1	-1	-1	-1	-1	-1	-1	-1	233		233		233		233		233		233		233		233		233		233		-1	-1	-1	-1	-1	-1	-1	-1	-1	-1	-1	-1	-1	-1	-1	-1	-1	-1	-1	-1
-1	-1	-1	-1	-1	-1	-1	-1	-1	-1	-1	-1	-1	-1	-1	-1	-1	-1	-1	-1	-1	233		233		233		233		233		233		233		233		233		233		233		233		233		-1	-1	-1	-1	-1	-1	-1	-1	-1	-1	-1	-1	-1	-1	-1	-1	-1	-1
-1	-1	-1	-1	-1	-1	-1	-1	-1	-1	-1	-1	-1	-1	-1	-1	-1	-1	-1	-1	233		233		233		233		233		233		233		233		233	233	233	233		233		233		-1	-1	-1	-1	-1	-1	-1	-1	-1	-1	-1	-1	-1	-1	-1	-1	-1	-1
-1	-1	-1	-1	-1	-1	-1	-1	-1	-1	-1	-1	-1	-1	-1	-1	-1	-1	-1	-1	233		233		233		233		233		233		233		233		233		233	233	233	233		233		-1	-1	-1	-1	-1	-1	-1	-1	-1	-1	-1	-1	-1	-1	-1	-1	-1	-1
-1	-1	-1	-1	-1	-1	-1	-1	-1	-1	-1	-1	-1	-1	-1	-1	-1	-1	-1	-1	233		233		233		233		233		233		233		233		233	233	233		233		233		233		233		-1	-1	-1	-1	-1	-1	-1	-1	-1	-1	-1	-1	-1	-1	-1	-1	-1
-1	-1	-1	-1	-1	-1	-1	-1	-1	-1	-1	-1	-1	-1	-1	-1	-1	-1	-1	233		233		233		233		233		233		233		233		233		233	233		233		233		233		233		233		-1	-1	-1	-1	-1	-1	-1	-1	-1	-1	-1	-1	-1	-1	-1	-1	-1
-1	-1	-1	-1	-1	-1	-1	-1	-1	-1	-1	-1	-1	-1	-1	-1	-1	-1	-1	233		233		233		233		233		233		233		233		233		233		233		233		233		233		233		233		-1	-1	-1	-1	-1	-1	-1	-1	-1	-1	-1	-1	-1	-1	-1	-1	-1
-1	-1	-1	-1	-1	-1	-1	-1	-1	-1	-1	-1	-1	-1	-1	-1	-1	-1	-1	233		233		233		233		233		233		233		233		233		233		233		233		233		233		233		233		-1	-1	-1	-1	-1	-1	-1	-1	-1	-1	-1	-1	-1	-1	-1	-1	-1
-1	-1	-1	-1	-1	-1	-1	-1	-1	-1	-1	-1	-1	-1	-1	-1	-1	-1	-1	233		233		233		233		233		233		233		233		233		233		233		233		233		233		233		233		233		-1	-1	-1	-1	-1	-1	-1	-1	-1	-1	-1	-1	-1	-1	-1	-1
-1	-1	-1	-1	-1	-1	-1	-1	-1	-1	-1	-1	-1	-1	-1	-1	-1	-1	-1	233		233		15	15	233		233		233		233		233		15	15	233		233		233		233		233		233		-1	-1	-1	-1	-1	-1	-1	-1	-1	-1	-1	-1	-1	-1	-1	-1
-1	-1	-1	-1	-1	-1	-1	-1	-1	-1	-1	-1	-1	-1	-1	-1	-1	-1	-1	233		15	15	15	15	233		233		233		15	15	15	15	233		233		233		233		233		-1	-1	-1	-1	-1	-1	-1	-1	-1	-1	-1	-1	-1	-1	-1	-1
-1	-1	-1	-1	-1	-1	-1	-1	-1	-1	-1	-1	-1	-1	-1	-1	-1	-1	-1	233		15	233		233		15	233		233		233		15	233		233		15	233		233		233		233		233		-1	-1	-1	-1	-1	-1	-1	-1	-1	-1	-1	-1	-1	-1	-1	-1
-1	-1	-1	-1	-1	-1	-1	-1	-1	-1	-1	-1	-1	-1	-1	-1	-1	-1	-1	233		15	233		233		15	233		233		233		15	233		233		15	233		233		233		233		233		-1	-1	-1	-1	-1	-1	-1	-1	-1	-1	-1	-1	-1	-1	-1	-1
-1	-1	-1	-1	-1	-1	-1	-1	-1	-1	-1	-1	-1	-1	-1	-1	-1	-1	-1	233		15	233		233		15	233		233		233		15	233		233		15	233		233		233		233		233		-1	-1	-1	-1	-1	-1	-1	-1	-1	-1	-1	-1	-1	-1	-1	-1
-1	-1	-1	-1	-1	-1	-1	-1	-1	-1	-1	-1	-1	-1	-1	-1	-1	-1	-1	233		15	233		233		15	233		233		233		15	233		233		15	233		233		233		233		233		-1	-1	-1	-1	-1	-1	-1	-1	-1	-1	-1	-1	-1	-1	-1	-1
-1	-1	-1	-1	-1	-1	-1	-1	-1	-1	-1	-1	-1	-1	-1	-1	-1	-1	-1	233		233		15	15	214	214	214	214	214	214	15	233		233		233		233		233		233		-1	-1	-1	-1	-1	-1	-1	-1	-1	-1	-1	-1	-1	-1	-1	-1
-1	-1	-1	-1	-1	-1	-1	-1	-1	-1	-1	-1	-1	-1	-1	-1	-1	-1	-1	233		233		214	214	214	214	214	214	214	214	214	233		233		233		233		233		233		-1	-1	-1	-1	-1	-1	-1	-1	-1	-1	-1	-1	-1	-1	-1	-1
-1	-1	-1	-1	-1	-1	-1	-1	-1	-1	-1	-1	-1	-1	-1	-1	-1	-1	-1	233		214	214	214	214	214	214	214	214	214	214	214	214	233		233		233		233		-1	-1	-1	-1	-1	-1	-1	-1	-1	-1	-1	-1	-1	-1	-1	-1
-1	-1	-1	-1	-1	-1	-1	-1	-1	-1	-1	-1	-1	-1	-1	-1	-1	-1	-1	233		214	214	214	214	214	214	214	214	214	233		214	214	233		233		233		233		-1	-1	-1	-1	-1	-1	-1	-1	-1	-1	-1	-1	-1	-1	-1	-1
-1	-1	-1	-1	-1	-1	-1	-1	-1	-1	-1	-1	-1	-1	-1	-1	-1	-1	-1	233		233		214	233		214	214	214	214	233		233		214	214	233		233		233		233	233		-1	-1	-1	-1	-1	-1	-1	-1	-1	-1	-1	-1	-1	-1	-1	-1
-1	-1	-1	-1	-1	-1	-1	-1	-1	-1	-1	-1	-1	-1	-1	-1	-1	-1	233		233		233		233		214	233		233		233		233		214	214	233		233		15	233		233		233	233		233		-1	-1	-1	-1	-1	-1	-1	-1	-1	-1	-1	-1	-1	-1	-1
-1	-1	-1	-1	-1	-1	-1	-1	-1	-1	-1	-1	-1	-1	-1	-1	-1	233		233		233		233		253	233		214	214	214	214	233		233		15	15	15	233		233		233		233	233		-1	-1	-1	-1	-1	-1	-1	-1	-1	-1	-1	-1	-1	-1	-1
-1	-1	-1	-1	-1	-1	-1	-1	-1	-1	-1	-1	-1	-1	-1	-1	-1	233		233		233		15	253	253	233		233		233		233		15	15	15	15	15	15	233		233		233	233		233		-1	-1	-1	-1	-1	-1	-1	-1	-1	-1	-1	-1	-1	-1
-1	-1	-1	-1	-1	-1	-1	-1	-1	-1	-1	-1	-1	-1	-1	-1	233		233		233		233		15	15	15	253	253	253	253	15	15	15	15	15	15	233		233		233		233	233		233		-1	-1	-1	-1	-1	-1	-1	-1	-1	-1	-1	-1	-1
-1	-1	-1	-1	-1	-1	-1	-1	-1	-1	-1	-1	-1	-1	-1	233		233		233		233		233		15	15	15	15	15	15	15	15	15	15	15	15	15	233		233		233		233		233	233		-1	-1	-1	-1	-1	-1	-1	-1	-1	-1	-1	-1	-1
-1	-1	-1	-1	-1	-1	-1	-1	-1	-1	-1	-1	-1	-1	233		233		233		233		233		15	15	15	15	15	15	15	15	15	15	15	15	15	15	233		233		233		233		233		233		233		-1	-1	-1	-1	-1	-1	-1	-1	-1	-1	-1	-1
-1	-1	-1	-1	-1	-1	-1	-1	-1	-1	-1	-1	-1	-1	233		233		233		233		15	15	15	15	15	15	15	15	15	15	15	15	15	15	15	15	233		233		233		233		233		233		233		-1	-1	-1	-1	-1	-1	-1	-1	-1	-1	-1
-1	-1	-1	-1	-1	-1	-1	-1	-1	-1	-1	-1	-1	233		233		233	233		15	15	15	15	15	15	15	15	15	15	15	15	15	15	15	15	15	233		233		233		233		233		233		233		233		-1	-1	-1	-1	-1	-1	-1	-1	-1	-1
-1	-1	-1	-1	-1	-1	-1	-1	-1	-1	-1	-1	-1	233		233	233		233		15	15	15	15	15	15	15	15	15	15	15	15	15	15	15	15	15	15	233		233		233		233		233		233		233		-1	-1	-1	-1	-1	-1	-1	-1	-1	-1
-1	-1	-1	-1	-1	-1	-1	-1	-1	-1	-1	-1	233		233		233	233		15	15	15	15	15	15	15	15	15	15	15	15	15	15	15	15	15	15	15	233		233		233		233		233		233		233		233		-1	-1	-1	-1	-1	-1	-1	-1	-1
-1	-1	-1	-1	-1	-1	-1	-1	-1	-1	-1	-1	233		233		233	233		15	15	15	15	15	15	15	15	15	15	15	15	15	15	15	15	15	15	15	233		233		233		233		233		233		233		233		-1	-1	-1	-1	-1	-1	-1	-1	-1
-1	-1	-1	-1	-1	-1	-1	-1	-1	-1	-1	233		233		233	233		233		15	15	15	15	15	15	15	15	15	15	15	15	15	15	15	15	15	15	15	15	233		233		233		233		233		233		233		-1	-1	-1	-1	-1	-1	-1	-1	-1
-1	-1	-1	-1	-1	-1	-1	-1	-1	-1	-1	233		233		233	233		233		15	15	15	15	15	15	15	15	15	15	15	15	15	15	15	15	15	15	15	15	233		233		233		233		233		233		233		233		-1	-1	-1	-1	-1	-1	-1	-1
-1	-1	-1	-1	-1	-1	-1	-1	-1	-1	-1	233		233		233	233		233		15	15	15	15	15	15	15	15	15	15	15	15	15	15	15	15	15	15	15	15	233		233		233		233		233		233		233		233		-1	-1	-1	-1	-1	-1	-1	-1
-1	-1	-1	-1	-1	-1	-1	-1	-1	-1	233		233		233		233		233		233		15	15	15	15	15	15	15	15	15	15	15	15	15	15	15	15	15	15	15	15	233		233		233		233		233		233		233		233		-1	-1	-1	-1	-1	-1	-1	-1
-1	-1	-1	-1	-1	-1	-1	-1	-1	-1	233		233		233		233		233		233		15	15	15	15	15	15	15	15	15	15	15	15	15	15	15	15	15	15	15	233		233		233		233		233		233		233		233		233		-1	-1	-1	-1	-1	-1	-1	-1
-1	-1	-1	-1	-1	-1	-1	-1	-1	-1	233		233		233		233		233		15	15	15	15	15	15	15	15	15	15	15	15	15	15	15	15	15	15	15	15	233		233		233		233		233		233		233		233		233		-1	-1	-1	-1	-1	-1	-1	-1
-1	-1	-1	-1	-1	-1	-1	-1	-1	-1	233		233		233		233		233		15	15	15	15	15	15	15	15	15	15	15	15	15	15	15	15	15	15	15	233		233		233		233		233		233		233		233		233		233		-1	-1	-1	-1	-1	-1	-1	-1
-1	-1	-1	-1	-1	-1	-1	-1	-1	-1	233		214	214	214	233		233		15	15	15	15	15	15	15	15	15	15	15	15	15	15	15	15	15	233		214	233		233		233		233		233		233		233		233		-1	-1	-1	-1	-1	-1	-1	-1	-1
-1	-1	-1	-1	-1	-1	-1	-1	-1	233		214	214	214	214	214	233		233		233		15	15	15	15	15	15	15	15	15	15	15	15	15	15	233		214	214	233		233		233		233		233		233		214	214	233		-1	-1	-1	-1	-1	-1	-1	-1
-1	-1	-1	-1	-1	-1	-1	-1	233		214	214	214	214	214	214	214	233		233		233		15	15	15	15	15	15	15	15	15	15	15	15	15	233		214	214	214	233		233		233		233		214	214	214	214	233		-1	-1	-1	-1	-1	-1	-1
-1	-1	-1	-1	-1	-1	233		233		214	214	214	214	214	214	214	214	233		233		233		233		15	15	15	15	15	15	15	15	15	15	15	15	233		214	214	214	214	214	214	214	214	214	214	214	214	233		-1	-1	-1	-1	-1	-1
-1	-1	-1	-1	-1	233		214	214	214	214	214	214	214	214	214	214	214	233		233		233		233		15	15	15	15	15	15	15	15	15	15	15	233		214	214	214	214	214	214	214	214	214	214	214	214	233		-1	-1	-1	-1	-1	-1
-1	-1	-1	-1	233		166	214	214	214	214	214	214	214	214	214	214	214	233		233		233		233		233		15	15	15	15	15	15	15	15	15	15	233		214	214	214	214	214	214	214	214	214	214	214	214	233		-1	-1	-1	-1	-1	-1
-1	-1	-1	-1	233		166	214	214	214	214	214	214	214	214	214	214	214	214	233		233		233		233		15	15	15	15	15	15	15	15	15	15	233		214	214	214	214	214	214	214	214	214	214	214	214	214	233		-1	-1	-1	-1	-1
-1	-1	-1	-1	233		166	214	214	214	214	214	214	214	214	214	214	214	214	233		233		233		233		15	15	15	15	15	15	15	15	15	15	233		214	214	214	214	214	214	214	214	214	214	214	214	214	233		-1	-1	-1	-1	-1
-1	-1	-1	-1	233		166	214	214	214	214	214	214	214	214	214	214	214	214	233		253	15	15	15	15	15	15	15	15	15	15	15	15	233		214	214	214	214	214	214	214	214	214	214	214	214	214	166	233		-1	-1	-1	-1
-1	-1	-1	-1	233		166	214	214	214	214	214	214	214	214	214	214	214	214	214	233		253	15	15	15	15	15	15	15	15	15	15	233		214	214	214	214	214	214	214	214	214	214	214	214	214	214	166	233		-1	-1	-1	-1
-1	-1	-1	-1	233		166	214	214	214	214	214	214	214	214	214	214	214	214	214	214	233		253	253	15	15	15	15	15	15	15	233		233		214	214	214	214	214	214	214	214	214	214	214	214	166	166	233		-1	-1	-1	-1	-1
-1	-1	-1	-1	233		166	214	214	214	214	214	214	214	214	214	214	214	214	214	214	214	233		233		253	253	253	253	233		233		233		233		214	214	214	214	214	214	214	214	214	214	214	166	166	233		233		-1	-1	-1	-1	-1	-1
-1	-1	-1	-1	233		166	166	214	214	214	214	214	214	214	214	214	214	214	214	214	214	233		233		233		233		233		233		233		233		233		233		214	214	214	214	214	214	214	214	214	214	214	233		233		-1	-1	-1	-1	-1	-1	-1	-1
-1	-1	-1	-1	-1	233		166	166	166	166	166	214	214	214	214	214	214	214	214	214	214	233		233		233		233		233		233		233		233		233		233		166	214	214	214	214	214	214	214	214	166	233		-1	-1	-1	-1	-1	-1	-1	-1	-1	-1
-1	-1	-1	-1	-1	-1	233		233		233		233		233		166	166	166	214	214	214	214	214	214	233		233		233		233		-1	-1	-1	-1	-1	233		233		233		166	214	214	214	214	214	214	166	233		-1	-1	-1	-1	-1	-1	-1	-1	-1	-1	-1
-1	-1	-1	-1	-1	-1	-1	-1	-1	-1	-1	233		233		233		166	166	166	166	166	233		-1	-1	-1	-1	-1	-1	-1	-1	-1	-1	-1	-1	233		166	166	214	214	166	166	233		-1	-1	-1	-1	-1	-1	-1	-1	-1	-1	-1	-1
-1	-1	-1	-1	-1	-1	-1	-1	-1	-1	-1	-1	-1	-1	233		233		233		233		233		-1	-1	-1	-1	-1	-1	-1	-1	-1	-1	-1	-1	-1	-1	233		166	166	166	166	233		-1	-1	-1	-1	-1	-1	-1	-1	-1	-1	-1	-1	-1
-1	-1	-1	-1	-1	-1	-1	-1	-1	-1	-1	-1	-1	-1	-1	-1	-1	-1	-1	-1	-1	-1	-1	-1	-1	-1	-1	-1	-1	-1	-1	-1	-1	-1	233		233		233		233		233		-1	-1	-1	-1	-1	-1	-1	-1	-1	-1	-1	-1	-1

